3280
7826
5810
704
3387
1527
389
1689
4481
7032
4314
1469
357
3870
3704
7272
2971
7363
2351
2332
6526
7872
92
466
1190
4328
6395
8130
3738
493
3804
7018
127
1423
7722
3515
2950
8111
5204
7431
6952
1326
709
7309
5196
4413
6389
8168
3584
549
2308
1918
229
2400
2385
1419
6728
588
1358
2274
1081
5162
1101
1209
6585
631
4724
1344
551
1736
583
7503
3062
1292
6620
66
5706
4818
42
1098
5367
2350
3017
5596
4750
5402
7015
3287
5990
181
5561
7072
5344
6662
89
3737
7294
4813
5081
7845
6549
5665
7156
1419
6957
5584
1485
4471
2210
1528
5570
7577
3878
395
4981
437
5797
3805
3724
3595
3986
1093
2475
1138
7756
2564
4876
6858
7377
1765
6511
5734
7430
5475
7153
6196
2867
447
2475
5078
1975
8045
4463
5853
248
1253
6290
6045
5058
1822
1449
852
2916
3924
1991
2480
6489
6867
1146
5674
440
7657
3217
7871
4940
2178
5875
7807
2625
158
4693
4600
12
965
2262
260
2218
360
6306
7276
2183
7755
8128
5099
3487
1927
7579
1784
602
533
7459
1043
8190
2484
722
4938
4662
6597
4553
7288
6755
1055
3696
6767
2020
5958
7028
4238
6319
5142
3322
310
4705
3258
5409
0
5186
4796
1785
5788
5329
1052
6831
5327
3536
7553
2073
6
5958
6626
7294
4522
7681
2799
3097
1509
565
1933
5747
6884
7075
877
7194
3588
4136
4411
3589
1130
1015
5374
6918
6344
6426
5558
3479
1770
4919
5552
1776
2686
3987
879
7208
3476
3678
2113
4986
4243
4047
2541
2936
2930
3419
1938
6519
7555
6350
1916
493
7365
7290
7411
5518
5524
4777
805
7294
1505
6358
878
4191
2153
1757
3207
5629
5435
5320
2423
1487
1175
4965
4423
4106
192
6361
2433
7747
4519
4349
48
3693
3447
7459
1019
779
4045
1824
8073
5550
8182
759
1549
2143
2517
4756
7773
7952
1884
2004
1247
3060
6969
5670
7166
7161
3840
1407
6716
167
5756
6764
3860
1011
6032
4879
1790
1885
6704
1671
7435
6694
2430
792
646
4947
5548
227
4708
7432
2231
5955
2300
1009
3434
1274
8170
7274
2681
6695
7441
245
5267
3110
1256
3107
7989
3046
4992
6501
4717
4235
5004
7148
5027
5650
3903
2383
5877
419
1624
8108
6375
3924
925
1617
5199
904
699
7880
7599
8140
8126
4674
3058
1190
7782
2856
4237
4582
1165
762
626
6169
7910
5653
3627
3622
8037
1312
4041
1469
1229
2224
5393
2154
3841
2400
3058
4540
2089
2465
4489
2023
7140
7547
3213
6730
2211
7450
3120
3377
21
3746
1354
7931
1208
4982
3361
1053
6294
7403
2522
7523
1435
7915
1486
5277
2124
4544
1625
4213
7010
6114
6236
5958
5470
1257
4496
7681
516
7616
2866
537
3171
4221
276
4379
1011
3638
5432
7305
2849
7954
6637
4284
7677
8123
1369
1609
4475
2995
5822
3293
917
3866
1059
6387
5124
5555
5877
5640
4980
551
6177
8151
4772
6453
4338
5783
1899
1578
4897
